6 5
0.354061
0.000000
0.645939
0.000000
0.000000
172.084799 -1031.729468 196.766408 -860906.741963 3580880.318730 -1919554.145327 197.616015 847.930576 1854.884721 -155330.645191 -10139984.767965 -4751660.516531 -55.351174 -161.962146 -201.435157 -49.336561 158.123717 50.396751 21.349160 -2371.469446 -23.900316 -822083.098742 18760554.497617 -2458421.379136 1355.886645 928.555689 -1488.594673 -1880592.996396 -7729926.765270 -70483.995395
1499378.035267 456229.375954 -133138.577004 0.000000 0.000000 0.000000 456229.375954 151816.936771 17778.238548 0.000000 0.000000 0.000000 -133138.577004 17778.238548 1074602.607041 0.000000 0.000000 0.000000 -4455457994.370809 -1370352646.789871 81732793.793689 0.000000 0.000000 0.000000 -2875494810.452370 -1034286555.087006 -1940635498.180271 0.000000 0.000000 0.000000 1658999714.726020 454026444.226664 -1377065776.995493 0.000000 0.000000 0.000000
879408.543162 -1160527.902868 2918644.859008 0.000000 0.000000 0.000000 -1160527.902868 4114259.337876 -1057861.670188 0.000000 0.000000 0.000000 2918644.859008 -1057861.670188 12708671.917526 0.000000 0.000000 0.000000 -5801164432.938786 10330497032.929192 -16359879401.363644 0.000000 0.000000 0.000000 -15269936477.272703 4520155305.173067 -67587286935.285378 0.000000 0.000000 0.000000 -19231423082.645584 24374080838.597141 -64913787961.225410 0.000000 0.000000 0.000000
41.576945 -4079.137691 -2905.009368 0.000000 0.000000 0.000000 -4079.137691 4512605.867327 -923240.258511 0.000000 0.000000 0.000000 -2905.009368 -923240.258511 2850727.532212 0.000000 0.000000 0.000000 -1839.981781 281538.549048 1046784.447641 0.000000 0.000000 0.000000 1767.337707 -572337.574889 -796396.840773 0.000000 0.000000 0.000000 -250.330270 547783.412871 -308302.338975 0.000000 0.000000 0.000000
2321765.558545 -180770.376763 74007.466030 0.000000 0.000000 0.000000 -180770.376763 277988.381332 -432569.024854 0.000000 0.000000 0.000000 74007.466030 -432569.024854 3847450.771173 0.000000 0.000000 0.000000 -18268945781.083515 1574668598.604260 -1411914630.996269 0.000000 0.000000 0.000000 525818531.550755 -1816061282.507782 584165129.169534 0.000000 0.000000 0.000000 -105880903.865590 1429160051.574226 -10727399080.727306 0.000000 0.000000 0.000000
3723446.371280 2615674.842196 2334596.090488 0.000000 0.000000 0.000000 2615674.842196 1838836.756496 1612544.969942 0.000000 0.000000 0.000000 2334596.090488 1612544.969942 8383868.602062 0.000000 0.000000 0.000000 -6291039327.880005 -4410940371.813398 -5375344289.711021 0.000000 0.000000 0.000000 -12518475317.854395 -8838763874.263737 1980160697.339407 0.000000 0.000000 0.000000 -24557192846.299114 -17153030753.278564 -41279585750.380783 0.000000 0.000000 0.000000
